Set1
Nodos
Basic 26 25 26 25 25 28 28 27 25 28 24 27 25 25 25 25 25 25 25 25
Mixed 19 12 16 19 15 13 21 14 17 15 18 17 15 19 20 17 14 12 15 15
Greedy 6 7 6 6 6 6 6 6 6 6 7 6 6 6 6 6 7 6 7 6

Ganancia
Basic 87 61 82 91 68 68 94 94 91 82 74 68 66 91 75 71 97 78 47 66
Mixed 7 14 0 15 24 39 19 20 0 37 18 32 24 15 5 11 40 17 18 24
Greedy 90 64 82 92 69 82 94 105 91 96 78 91 66 92 75 76 98 82 52 66

Tiempo
Basic 57 4 6 5 5 8 5 5 3 4 3 3 3 3 3 3 4 3 2 3
Mixed 7 4 5 3 3 3 4 4 2 2 3 5 3 2 2 2 2 2 3 2
Greedy 1 2 2 3 3 1 1 1 1 1 1 1 1 1 1 1 1 1 1 1


Set2
Nodos
Basic 11 11 11 11 11 11 11 11 11 11 11 11 11 11 11 11 11 11 11 11
Mixed 5 6 9 8 7 6 7 11 6 5 8 9 5 8 7 7 6 8 5 5
Greedy 1 1 1 1 1 1 2 2 1 1 1 2 1 1 1 1 1 2 1 1

Ganancia
Basic 89 62 80 89 68 79 93 102 89 92 76 86 65 89 72 74 96 80 50 65
Mixed 36 27 59 42 36 56 40 77 66 67 55 29 18 42 44 52 70 44 19 18
Greedy 90 64 82 92 69 82 94 105 91 96 78 91 66 92 75 76 98 82 52 66

Tiempo
Basic 190 83 94 79 94 67 65 71 63 65 65 87 78 68 60 63 67 59 67 73
Mixed 14 11 9 6 10 6 6 14 3 5 7 11 5 6 4 4 5 6 5 5
Greedy 4 3 2 4 3 1 4 4 2 2 1 4 1 1 2 1 2 3 1 1
