Set1
Nodos
Basic 25 26 28 29 25 24 25 26 25 23 25 27 25 25 27 25 26 30 27 30
Mixed 19 19 13 16 16 13 19 19 12 24 14 14 23 11 19 15 19 12 19 12
Greedy 7 6 6 6 8 7 6 6 6 6 7 6 9 6 7 6 6 6 6 6

Ganancia
Basic 66 87 68 65 72 86 77 72 78 43 97 94 47 70 70 68 93 99 57 99
Mixed 8 7 39 40 7 37 12 30 17 25 40 20 15 33 57 24 24 0 36 0
Greedy 80 90 82 87 78 107 78 81 82 60 98 105 48 87 79 69 101 107 72 107

Tiempo
Basic 51 8 6 6 5 4 3 3 3 2 3 4 3 3 3 3 4 5 3 4
Mixed 4 4 6 3 3 2 3 3 2 3 2 2 3 1 3 2 3 1 3 1
Greedy 3 2 1 1 2 1 1 1 1 1 1 1 1 1 1 1 1 1 1 1


Set2
Nodos
Basic 11 11 11 11 11 11 11 11 11 11 11 11 11 11 11 11 11 11 11 11
Mixed 9 5 6 6 13 7 11 23 7 6 6 11 3 6 7 8 24 10 6 10
Greedy 2 1 1 6 3 2 1 1 2 1 1 2 1 2 1 1 1 2 1 2

Ganancia
Basic 80 89 79 79 78 103 75 78 80 58 96 102 47 85 77 68 97 103 70 103
Mixed 81 41 58 67 82 43 50 73 60 52 77 77 15 61 80 49 58 99 66 99
Greedy 80 90 82 87 78 107 78 81 82 60 98 105 48 87 79 69 101 107 72 107

Tiempo
Basic 384 293 253 269 201 239 195 190 193 168 229 226 150 193 185 177 224 234 177 234
Mixed 100 99 129 147 102 131 139 245 83 57 89 144 50 89 134 148 483 94 84 91
Greedy 58 23 20 164 58 55 19 20 42 15 22 59 13 41 19 17 24 51 17 50
