stiter: 1
 1 0,1 0,01 0,001 0,0001
1 51.0 64.0 60.0 57.0 71.0
2 49.0 63.0 47.0 57.0 68.0
25 55.0 57.0 48.0 51.0 36.0
400 57.0 48.0 38.0 38.0 39.0
800 47.0 45.0 48.0 58.0 43.0
stiter: 50
 1 0,1 0,01 0,001 0,0001
1 50.0 54.0 62.0 59.0 56.0
2 54.0 51.0 46.0 53.0 59.0
25 43.0 43.0 45.0 54.0 47.0
400 48.0 52.0 56.0 54.0 47.0
800 38.0 40.0 53.0 50.0 33.0
stiter: 100
 1 0,1 0,01 0,001 0,0001
1 62.0 52.0 62.0 65.0 76.0
2 48.0 62.0 69.0 63.0 55.0
25 51.0 38.0 45.0 50.0 37.0
400 41.0 42.0 38.0 43.0 44.0
800 41.0 44.0 48.0 53.0 37.0
stiter: 150
 1 0,1 0,01 0,001 0,0001
1 53.0 58.0 59.0 60.0 60.0
2 55.0 72.0 49.0 53.0 65.0
25 40.0 52.0 39.0 53.0 50.0
400 38.0 49.0 46.0 47.0 31.0
800 41.0 45.0 55.0 53.0 31.0
stiter: 200
 1 0,1 0,01 0,001 0,0001
1 47.0 54.0 57.0 53.0 62.0
2 53.0 65.0 59.0 61.0 60.0
25 41.0 52.0 46.0 59.0 44.0
400 40.0 51.0 47.0 48.0 32.0
800 41.0 48.0 45.0 51.0 42.0
