198.9331
112.6268
101.8709
74.0356
65.7377
91.7681
83.3332
79.2039
58.6837
65.9408
Estaciones: 25 Bicicletas: 1250 Furgonetas: 5 Promedio: 93.21338
2534.8119
2495.8071
2655.4769
2275.415
2333.8067
2379.5399
2302.8259
2265.3258
2233.5363
2355.1783
Estaciones: 50 Bicicletas: 2500 Furgonetas: 10 Promedio: 2383.17238
21990.5614
20575.9288
21239.3315
20421.9786
19685.7517
19935.6171
19378.8647
20197.727
19701.2328
19664.2847
Estaciones: 75 Bicicletas: 3750 Furgonetas: 15 Promedio: 20279.127829999998
102915.9455
101473.5819
103683.3458
100827.5646
101715.1116
103627.1562
103867.4703
101062.5121
103345.8763
99382.5766
Estaciones: 100 Bicicletas: 5000 Furgonetas: 20 Promedio: 102190.11409000002
409661.9979
405921.4038
416464.2217
405697.4855
410947.999
434537.219201
424281.618199
433125.9792
440178.3066
438958.4193
Estaciones: 125 Bicicletas: 6250 Furgonetas: 25 Promedio: 421977.46504000004
